2557	11.905658000	1720
2560	11.909644000	1a2a
2564	11.917656000	1b34
2566	11.922651000	0ac5
2568	11.926722000	1084
2570	11.930658000	0b8f
2572	11.934649000	08c0
2576	11.942646000	0940
2580	11.950650000	0c68
2584	11.959654000	1084
2588	11.967681000	1a22
2592	11.976651000	1206
2596	11.984656000	00
2600	11.993645000	
2604	12.002647000	1084
2606	12.007662000	1720
2608	12.011651000	144a
2610	12.015676000	1a22
2612	12.019645000	1206
2614	12.023665000	1b34
2616	12.027658000	1682
2618	12.031671000	1084
2620	12.035662000	1522
2622	12.039722000	08c0
2624	12.043670000	00
2626	12.047688000	0940
2628	12.051651000	
2630	12.055671000	0c68
2634	12.060671000	1a2a
2638	12.064664000	1084
2643	12.072666000	1a22
2649	12.076664000	1206
2655	12.080661000	00
2661	12.084657000	
2667	12.089727000	1084
2673	12.093671000	144a
2679	12.097667000	1206
2685	12.101669000	1682
2691	12.105695000	1522
2697	12.109670000	00
2703	12.113668000	
2711	12.118662000	1a2a
2821	12.194668000	1720
2827	12.198671000	1a2a
2833	12.202656000	1b34
2839	12.206662000	1084
2845	12.210655000	08c0
2851	12.214661000	0940
2857	12.218662000	0c68
2863	12.222660000	1084
2869	12.226673000	1a22
2875	12.230687000	1206
2881	12.234674000	00
2887	12.238658000	
2893	12.243655000	1084
2899	12.247676000	144a
2905	12.251661000	1206
2911	12.255659000	1682
2917	12.259746000	1522
2923	12.263657000	00
2929	12.267660000	
2937	12.272660000	1a2a
2955	12.285661000	0590
2959	12.289662000	0760
2961	12.293666000	00
2963	12.297666000	
2965	12.302664000	0c68
2967	12.306669000	0590
2969	12.310662000	0760
2975	12.323666000	0590
2979	12.327701000	0760
2981	12.331672000	00
2983	12.335669000	
2991	12.340693000	0c68
2997	12.344677000	0590
3003	12.348677000	0760
7424	23.676211000	0590
7428	23.680201000	0760
7430	23.684218000	00
7434	23.688198000	
7438	23.693205000	0c68
7440	23.697210000	0590
7444	23.701254000	0760
7490	23.830229000	0590
7492	23.834205000	0760
7496	23.838214000	00
7498	23.842214000	
7502	23.847217000	0c68
7506	23.851210000	0590
7508	23.855211000	0760
7966	25.253446000	0590
7970	25.257269000	0760
7972	25.261280000	00
7976	25.265270000	
7980	25.270278000	0c68
7982	25.274274000	0591
7986	25.278352000	0760
11874	38.530949000	0591
11878	38.534892000	0760
11880	38.538900000	00
11884	38.542885000	
11888	38.547902000	0c68
11890	38.551905000	0591
11894	38.555939000	0761
14928	48.890373000	0591
14930	48.894373000	0761
14934	48.898376000	00
14936	48.902374000	
14940	48.907377000	0c68
14944	48.911369000	0592
14946	48.915377000	0761
17990	59.281855000	0592
17992	59.285850000	0761
17996	59.289862000	00
18000	59.293846000	
18002	59.298866000	0c68
18006	59.302842000	0592
18008	59.306990000	0762
20992	69.466325000	0592
20994	69.470337000	0762
20998	69.474320000	00
21000	69.478316000	
21004	69.483329000	0c68
21008	69.487338000	0593
21010	69.491314000	0762
24046	79.828806000	0593
24048	79.832812000	0762
24052	79.836837000	00
24054	79.840805000	
24058	79.845793000	0c68
24062	79.849799000	0593
24064	79.853817000	0763
27063	90.068288000	0593
27066	90.072287000	0763
27070	90.076359000	00
27072	90.080291000	
27076	90.085303000	0c68
27080	90.089280000	0594
27082	90.093285000	0763
29802	99.354712000	0594
29804	99.358710000	0763
29808	99.362824000	00
29812	99.366706000	
29814	99.371726000	0c68
29818	99.375702000	0594
29820	99.379712000	0764
32798	109.523183000	0594
32802	109.527188000	0764
32806	109.531235000	00
32808	109.535176000	
32812	109.540173000	0c68
32814	109.544173000	0595
32818	109.548186000	0764
35966	120.275679000	0595
35970	120.279667000	0764
35974	120.283676000	00
35976	120.287675000	
35980	120.292684000	0c68
35982	120.296678000	0595
35986	120.300696000	0765
38818	129.948127000	0595
38822	129.952125000	0765
38824	129.956125000	00
38828	129.960138000	
38832	129.965128000	0c68
38834	129.969208000	0596
38838	129.973182000	0765
41820	140.131603000	0596
41824	140.135602000	0765
41826	140.139594000	00
41830	140.143589000	
41832	140.148586000	0c68
41836	140.152603000	0596
41840	140.156590000	0766
45120	151.332102000	0596
45122	151.336112000	0766
45126	151.340110000	00
45128	151.344104000	
45132	151.349113000	0c68
45136	151.353105000	0597
45138	151.357299000	0766
48308	162.156611000	0597
48312	162.160615000	0766
48314	162.164607000	00
48318	162.168614000	
48322	162.173608000	0c68
48324	162.177599000	0597
48328	162.181607000	0767
51712	173.709162000	0597
51714	173.713161000	0767
51718	173.717140000	00
51720	173.721154000	
51724	173.726179000	0c68
51728	173.730146000	0598
51730	173.734156000	0767
54964	184.752729000	0598
54968	184.756658000	0767
54970	184.760660000	00
54974	184.764655000	
54978	184.769739000	0c68
54980	184.773654000	0598
54984	184.777654000	0768
58200	195.734173000	0598
58202	195.738162000	0768
58206	195.742190000	00
58210	195.746157000	
58212	195.751170000	0c68
58216	195.755156000	0599
58220	195.759153000	0768
61856	208.149750000	0599
61858	208.153736000	0768
61862	208.157862000	00
61864	208.161736000	
61868	208.166737000	0c68
61872	208.170730000	0599
61874	208.174739000	0769
65676	221.128347000	0599
65678	221.132348000	0769
65682	221.136343000	00
65684	221.140328000	
65688	221.145359000	0c68
65692	221.149339000	059a
65694	221.153334000	0769
69414	233.758084000	059a
69416	233.761911000	0769
69420	233.765913000	00
69424	233.769915000	
69426	233.774922000	0c68
69430	233.778918000	059a
69432	233.782918000	076a
73128	246.374508000	059a
73130	246.378507000	076a
73134	246.382511000	00
73138	246.386509000	
73140	246.391499000	0c68
73144	246.395493000	059b
73148	246.399510000	076a
76648	258.329067000	059b
76652	258.333057000	076a
76654	258.337054000	00
76658	258.341052000	
76662	258.346191000	0c68
76664	258.350058000	059b
76668	258.354059000	076b
80172	270.296602000	059b
80176	270.300611000	076b
80178	270.304607000	00
80182	270.308620000	
80186	270.313618000	0c68
80188	270.317611000	059c
80192	270.321615000	076b
83602	281.943150000	059c
83606	281.947162000	076b
83608	281.951145000	00
83612	281.955150000	
83616	281.960152000	0c68
83618	281.964157000	059c
83622	281.968160000	076c
87028	293.574698000	059c
87032	293.578689000	076c
87034	293.582919000	00
87038	293.586699000	
87040	293.591685000	0c68
87044	293.595672000	059d
87048	293.599679000	076c
90320	304.752198000	059d
90324	304.756346000	076c
90327	304.760203000	00
90330	304.764324000	
90334	304.769195000	0c68
90336	304.773198000	059d
90340	304.777198000	076d
93492	315.514683000	059d
93494	315.518691000	076d
93498	315.522694000	00
93502	315.526693000	
93504	315.531697000	0c68
93508	315.535725000	059e
93512	315.539688000	076d
96234	324.816152000	059e
96238	324.820124000	076d
96242	324.824125000	00
96244	324.828128000	
96248	324.833125000	0c68
96250	324.837127000	059f
96254	324.841114000	076e
